1740848566631 0.0004930381497081178 0
1740848586284 6.234238376558698e-06 1
1740848605074 6.20909046866286e-06 2
1740848623817 6.189244666307387e-06 3
1740848642519 6.234869616346068e-06 4
1740848659131 6.211900193763171e-06 5
1740848675802 6.2411877562433065e-06 6
1740848692391 7.79468614324529e-06 7
1740848709179 9.363627137778134e-06 8
1740848725989 5.801594395280233e-06 9
1740848744822 6.335105365562271e-06 10
1740848761634 5.866103307926823e-06 11
1740848778308 6.449984459342881e-06 12
1740848794952 5.3003425836546005e-06 13
1740848813675 6.572113938160766e-06 14
1740848830301 5.076916696693555e-06 15
1740848849058 5.607566742847373e-06 16
1740848865767 4.731700489922373e-06 17
1740848884732 4.662553807719015e-06 18
1740848903762 5.530594876660097e-06 19
1740848920439 4.7875877283158205e-06 20
1740848937054 4.618299271044393e-06 21
1740848955884 5.058400453068294e-06 22
1740848972655 5.3766960398173074e-06 23
1740848989372 5.449004389973521e-06 24
1740849006108 4.985421569361988e-06 25
1740849022944 4.961500839984914e-06 26
1740849039829 4.696140426061874e-06 27
1740849056578 4.880309398019956e-06 28
1740849073431 4.407822101108346e-06 29
1740849092292 3.7002946920574426e-06 30
1740849111067 3.591620622697243e-06 31
1740849129747 5.029275616830092e-06 32
1740849146466 4.919641507730776e-06 33
1740849163170 4.2451696646348526e-06 34
1740849179877 4.663430127800249e-06 35
1740849196495 5.923200071412757e-06 36
1740849213206 5.94648011019092e-06 37
1740849229781 4.356608437289091e-06 38
1740849246372 3.834268614826665e-06 39
1740849262972 3.887627083558339e-06 40
1740849279577 5.960184326574845e-06 41
1740849296337 7.4950173478272706e-06 42
1740849313319 5.033617333245348e-06 43
1740849330163 3.901646665127423e-06 44
1740849347069 3.2987529496664777e-06 45
1740849366000 2.934659116630816e-06 46
