1740911786840 0.04206948773549714 0
1740911806067 0.02931890999794568 1
1740911824725 0.020510598715480926 2
1740911843039 0.022818334231467563 3
1740911859259 0.016212695618728012 4
1740911877471 0.014051239844970245 5
1740911895697 0.011476153400358183 6
1740911913861 0.009577203144299936 7
1740911932108 0.01313617550766628 8
1740917253324 0.014143517042433865 9
1740917269625 0.016089960665651406 10
1740917286009 0.013314635640234223 11
1740917302356 0.01845197551621731 12
1740917318605 0.017778638590705016 13
1740917334832 0.009071598404854051 14
1740917353290 0.010030330862382827 15
1740917369638 0.006983464609026074 16
1740917388020 0.011169974897929352 17
1740917404308 0.006974428169369715 18
1740917422629 0.011824430113882295 19
1740917438870 0.011150521956973674 20
1740917455026 0.007875465771587185 21
1740917471228 0.011137894956223183 22
1740917487345 0.004685458078766569 23
1740917505609 0.00432834762657448 24
1740917523726 0.0036718583040916213 25
1740917542065 0.005837929953539825 26
1740917558325 0.004627367289791667 27
1740917574518 0.004091870985388909 28
1740917590607 0.008018717982973057 29
1740917607025 0.00376100014438717 30
1740917623373 0.0037148015062071723 31
1740917639619 0.01306717926452787 32
1740917655949 0.005046393642224897 33
1740917672217 0.010779656817638058 34
1740917688352 0.004931224885821487 35
1740917704406 0.0038605499477943703 36
1740917720425 0.005080484320276322 37
1740917736637 0.002543628641149634 38
1740917754874 0.003823630852194892 39
1740917770847 0.004938141542591391 40
1740917786975 0.003106325647922196 41
1740917803076 0.0030744255716457294 42
1740917819213 0.004544197424226864 43
1740917835262 0.0038462216801988212 44
1740917851409 0.002738278900584117 45
1740917867471 0.002793454584460498 46
1740917883495 0.002522121288783591 47
1740917901660 0.004784217959757223 48
1740917917744 0.007621277824509224 49
1740917933782 0.004410766698638181 50
1740917949822 0.0029992858542890735 51
1740917965865 0.0023111485807909833 52
1740917984066 0.005444420120521627 53
1740918000273 0.006090560119430982 54
1740918016440 0.002202696066644491 55
1740918034717 0.006587490566304686 56
1740918050881 0.002113216972059414 57
1740918069047 0.0024933372492540466 58
1740918085381 0.002447852223629536 59
1740918101378 0.0018956104801024446 60
1740918119427 0.003675077387584776 61
1740918135776 0.009589139498069018 62
1740918151948 0.0024272786643301817 63
1740918168186 0.003070628002163058 64
1740918184367 0.007363592863978828 65
1740918200550 0.002201613080542842 66
1740918216620 0.0020313282774948064 67
1740918232784 0.0020712855370022022 68
1740918248971 0.0022396301307737554 69
1740918265148 0.00322628511468114 70
1740918281208 0.0017106161975285576 71
1740918299428 0.002915775051640527 72
1740918315507 0.0015257486792029087 73
1740918333795 0.0051022835810192865 74
1740918349990 0.010654098068512136 75
1740918366317 0.002001051113535633 76
1740918382400 0.0020342648336709067 77
1740918398609 0.00415108287226812 78
1740918414752 0.0027876970909777427 79
1740918430902 0.001314571600538242 80
1740918449260 0.007479783263423509 81
1740918465505 0.0018646811916269693 82
1740918481673 0.002206621099432616 83
1740918497824 0.0016669283939368003 84
1740918513951 0.002900614255615764 85
1740918530301 0.0027660364843080324 86
1740918546574 0.0017592670082470301 87
1740918562738 0.0013889367560162007 88
1740918578832 0.002027189031403466 89
1740918595009 0.0024498065182621547 90
1740918611205 0.0024147052926369707 91
1740918627371 0.0047390444508932745 92
1740918643412 0.002063555359987766 93
1740918659733 0.0012246937609975425 94
1740918677892 0.002303060450836148 95
1740918694034 0.0017879494151722462 96
1740918710222 0.006748553672385123 97
1740918726276 0.0022169604748663043 98
1740918742381 0.0014762888728090055 99
