1732054606323 0.7553532206007315 0
1732054977366 0.7465994819755537 1
1732055370066 0.7414491778859628 2
1732055741201 0.7376117000262924 3
1732056133628 0.7336215507386542 4
1732056504387 0.7345205771714479 5
1732056894619 0.7307495583495967 6
1732057265544 0.7294929833504018 7
1732057657819 0.7286401026746562 8
1732058028105 0.728229955301059 9
1732058419641 0.7249092436585057 10
1732058790462 0.724544454893458 11
1732059182694 0.7249697428447573 12
1732059551042 0.7220398466510994 13
1732059942848 0.7231705046713212 14
1732060311591 0.7231850363264853 15
