1741020375587 0.0395748448940949 0
1741020395087 0.039351556730509586 1
1741020413614 0.0369048154551373 2
1741020432057 0.035260498890282425 3
1741020450618 0.032334365432678175 4
1741020469196 0.029324020644539733 5
1741020487973 0.027260434775757163 6
1741024387316 0.023140008762953402 7
1741024405830 0.02519646303776638 8
1741024422272 0.017261748860003062 9
1741024440870 0.01341223595645284 10
1741024459374 0.010821346191822913 11
1741024477934 0.009200990093104228 12
1741024496581 0.007026925279209015 13
1741024515735 0.0072914218476589614 14
1741024532248 0.005978097024559124 15
1741024550968 0.0053856967953963475 16
1741024569413 0.005903872647725729 17
1741024585843 0.006462265082821995 18
1741024602189 0.004547630272187469 19
1741024620575 0.005595557633053189 20
1741024637003 0.004843452033049181 21
1741024653482 0.004031733152454187 22
1741024671873 0.0031025640043208973 23
1741024690364 0.002636542637539579 24
1741024708890 0.0028914388872909695 25
1741024725385 0.0035714721410239733 26
1741024741759 0.0036882226299776483 27
1741024758260 0.003274709457263959 28
1741024774666 0.002837471229613989 29
1741024791329 0.0025267353809686837 30
1741024809827 0.0028324957180984258 31
1741024826356 0.0031889867462761546 32
1741024844279 0.0036331315902486056 33
1741024862185 0.002255224475812117 34
1741024882618 0.002024713237760591 35
1741024902991 0.0017936800881077463 36
1741024923877 0.001784985695354549 37
1741024944064 0.0020991908730508086 38
1741024961851 0.0032166703145283864 39
1741024979487 0.0021843765940760857 40
1741024997662 0.0021109705303668748 41
1741025015212 0.002001754649598508 42
1741025033309 0.0016906494837359628 43
1741025053407 0.0016196506773992858 44
1741025073891 0.0017347100298687862 45
1741025092042 0.0015208077449665447 46
1741025112072 0.001561542486079501 47
1741025130432 0.0015740997602370927 48
1741025148636 0.0015880955110248991 49
1741025166447 0.0013999047902817324 50
1741025187216 0.0018138476331608932 51
1741025205255 0.0016459477061825552 52
1741025223139 0.0017976205536571082 53
1741025241386 0.001378422637460224 54
1741025261415 0.0017552910340958938 55
1741025279557 0.0016874527865001956 56
1741025297214 0.0017235984601667248 57
1741025315099 0.0013657725622020374 58
1741025335517 0.0011475912716385468 59
1741025356078 0.0014155548663040576 60
1741025373861 0.0020149031924206195 61
1741025391742 0.001212071512426231 62
1741025409438 0.0012858018503659765 63
1741025427277 0.0011707984828261163 64
1741025445127 0.000975520973015599 65
1741025465586 0.0010300937838045312 66
1741025483309 0.000928170981151109 67
1741025503432 0.0010428433653333785 68
1741025521352 0.0013322183918923467 69
1741025540187 0.0013570542221421243 70
1741025557856 0.0015958461951918238 71
1741025575637 0.0012033179336711892 72
1741025593795 0.0011057271045863829 73
1741025611688 0.0014325553638170538 74
1741025630202 0.0013156674247127589 75
1741025647768 0.001089797693839942 76
1741025665798 0.0011999130261526197 77
1741025683593 0.000928509243907898 78
1741025701304 0.0009286344142870643 79
1741025718880 0.0012284271723038275 80
1741025737205 0.0011262427048169244 81
1741025755949 0.001013360335990378 82
1741025773716 0.0012005265114892257 83
1741025791786 0.001116169652591947 84
1741025809768 0.0010949373073326314 85
1741025827476 0.0012830111247307007 86
1741025845420 0.0011463222650252975 87
1741025863303 0.001145948800549626 88
1741025881032 0.0011468208217046362 89
1741025898700 0.0010072941906247165 90
1741025916391 0.0011867393963108086 91
1741025934361 0.0015877164952907581 92
1741025953346 0.0011819624672881925 93
1741025971688 0.0010397249111313543 94
1741025989805 0.0010899324101923682 95
1741026007661 0.001001495280254779 96
1741026025365 0.0008520436025219572 97
1741026045376 0.001091545832399795 98
1741026063177 0.0010516839639928275 99
