1748252599426 0.8385680189001579 0
1748252970948 0.7615626096339844 1
1748253363155 0.7458697838711086 2
1748253734024 0.7400193860856528 3
1748254126842 0.7358370250404717 4
1748254498096 0.7355743849072416 5
1748254891093 0.732807004605709 6
1748255262853 0.7324607363519835 7
1748255655672 0.7303474950982438 8
1748256027455 0.7299962702121406 9
1748256420991 0.7272950208711882 10
1748256792807 0.7271807285954437 11
1748257185363 0.7251782114680253 12
1748257556846 0.7248319405840523 13
1748257950216 0.7220561333852185 14
1748258322083 0.7221176198362831 15
1748258713690 0.7207099753375716 16
1748259085668 0.7215081493813507 17
1748259477382 0.7186269394607449 18
1748259849146 0.7193627471766776 19
1748260240597 0.7192709518462282 20
1748260610572 0.718335504409864 21
1748261003636 0.7154300809817056 22
1748261375288 0.7170645843234382 23
1748261766879 0.7147579211656326 24
1748262138761 0.7156274176015519 25
1748262530122 0.7161780036732383 26
1748262899642 0.7161349150875425 27
1748263290970 0.7137229868048282 28
1748263662789 0.7145985594358081 29
1748264054328 0.7134591999061901 30
1748264426373 0.7144537201314757 31
1748264817669 0.7127711137555205 32
1748265189296 0.7106485051313686 33
1748265582425 0.7119956880687857 34
1748265955110 0.7135866992772634 35
1748267140630 0.7115926629320612 36
1748268318251 0.7114209696188198 37
1748269553555 0.7122945886174104 38
1748270707029 0.7129275774608691 39
1748271280944 0.709431240681459 40
1748271652808 0.7114652065192404 41
1748272044540 0.7097969324021617 42
1748272419509 0.7088403887581148 43
1748272815741 0.7092195909365302 44
1748273186798 0.7101467773679809 45
1748273579894 0.7098805411394032 46
1748273950537 0.7099810790847354 47
1748274342266 0.7088228060030106 48
1748274714413 0.7108686481779278 49
1748275106731 0.7076860917076404 50
1748275478656 0.7081344834041498 51
1748275871105 0.7086228105264014 52
1748276240933 0.7079623538139129 53
1748276632805 0.7077125870607045 54
1748277003142 0.706813233054012 55
1748277396761 0.707619007520089 56
1748277766513 0.7074024942653563 57
1748278158075 0.7070321185839472 58
1748278527823 0.7053712704763256 59
1748278920844 0.7063506000191946 60
1748279289814 0.7068752884216264 61
1748279680876 0.7053660288268933 62
1748280052457 0.705361961319313 63
1748280445725 0.7049492542784407 64
1748280817348 0.7057702160288246 65
1748281208390 0.7046779150632401 66
1748281579449 0.7059141731037846 67
1748281970997 0.7039463190614573 68
1748282342529 0.705911329819374 69
1748282733668 0.7044135816659121 70
1748283102890 0.7034857922696905 71
1748283496526 0.7033443409210277 72
1748283868040 0.7042739816561041 73
1748284259245 0.7031009582956042 74
1748284629818 0.7032834615905116 75
1748285020828 0.703094368592813 76
1748285392065 0.7017868828938264 77
1748285784590 0.701433273805974 78
1748286155670 0.7040462793278144 79
1748286546264 0.7022837036401923 80
1748286916355 0.7027605183947316 81
1748287307354 0.7008814379301788 82
1748287679154 0.7033824816887352 83
1748288070402 0.7021785643246088 84
1748288439983 0.703060291073214 85
1748288830812 0.7003805804560539 86
1748289201715 0.702486670625471 87
1748289592982 0.6998638539260633 88
1748289964271 0.7024687239219645 89
1748290355177 0.7020842177125253 90
1748290724337 0.700822834897753 91
1748291114736 0.6998466485209837 92
1748291485866 0.7070892213670809 93
1748291876319 0.6992021030128838 94
1748292247804 0.7018919098361452 95
1748292638798 0.7001123519725824 96
1748293008390 0.700014691197895 97
1748293399426 0.7014803424872817 98
1748293768654 0.6999629950667108 99
