1741037507277 0.29894365695482705 0
1741037535373 0.2535579297666753 1
1741037563252 0.2696452497913823 2
1741037579943 0.26141691272580875 3
1741037605012 0.26166452601100804 4
1741037630086 0.25089261461907036 5
1741037648788 0.2134073429305497 6
1741037675852 0.2646355976254298 7
1741037700919 0.22606068971587961 8
1741037725985 0.23745619682295394 9
1741037742719 0.2354463442321574 10
1741037771043 0.25080928850760803 11
1741037800124 0.2101292608636058 12
1741037822191 0.1793729441654883 13
1741037853262 0.22014580502995443 14
1741037884237 0.17127193214126687 15
1741037915970 0.183939364026658 16
1741037936577 0.16356439449231444 17
1741037968462 0.15086218330195417 18
1741037999711 0.14357939465395317 19
1741038020074 0.13939443816928582 20
1741038051834 0.14239650565178094 21
1741038080700 0.13049274685126988 22
1741038112122 0.11792220709051911 23
1741038133900 0.0906734902521298 24
1741038164893 0.10813673394812877 25
1741038194062 0.11389632037516391 26
1741038214230 0.11135217485488125 27
1741038243333 0.08300746647792528 28
1741038275327 0.08258857069793507 29
1741038306490 0.10379874446753705 30
1741038326195 0.055489059995196946 31
1741038356944 0.0759351207906463 32
1741038385934 0.05057212092667687 33
1741038407452 0.10723395472495122 34
1741038435322 0.07437714784869215 35
1741038464500 0.050990733851355344 36
1741038492644 0.05633943336741785 37
1741038510602 0.05093396300440923 38
1741038540095 0.05198963098916139 39
1741038568958 0.037635329684412515 40
1741038589256 0.026648669545393744 41
1741038621083 0.042629760106338406 42
1741038649039 0.050792075415505296 43
1741038677331 0.030218031883830005 44
1741038695841 0.08346995552727765 45
1741038723786 0.048624003807253395 46
1741038752610 0.05126411342289965 47
1741038772432 0.045742738646686806 48
1741038800692 0.0741579453179755 49
1741038829362 0.034705094216273324 50
1741038858553 0.03516177558170752 51
1741038876540 0.04893828302747401 52
1741038906220 0.021225519629432643 53
1741038937105 0.02568313603576218 54
1741038956446 0.0705649902673278 55
1741038985333 0.03605690078181645 56
1741039013191 0.02503358704323338 57
1741039042065 0.026434722403144182 58
1741039062526 0.021633024550112477 59
1741039091733 0.03786699993596534 60
1741039120566 0.06663092207521841 61
1741039139281 0.018482239335409337 62
1741039171603 0.03493303642275673 63
1741039199843 0.019606159687633913 64
1741039228102 0.021554832591318195 65
1741039247183 0.018847220500952958 66
1741039277217 0.025936486801106665 67
1741039306274 0.020811530540783652 68
1741039325315 0.02435539175602784 69
1741039353832 0.021462473527045393 70
1741039384501 0.06952989626327508 71
1741039413368 0.02738491840585371 72
1741039432407 0.02151329809269354 73
1741039461000 0.04131474357167157 74
1741039489524 0.03322591838449768 75
1741039508159 0.012211702163369783 76
1741039539335 0.013424307260810592 77
1741039568193 0.016475583868815296 78
1741039597089 0.03137495442146552 79
1741039615895 0.011096937832484005 80
1741039646554 0.011542235788435362 81
1741039674425 0.01327549507995772 82
1741039694445 0.00932736901480729 83
1741039726335 0.014526998972187857 84
1741039753938 0.011639446860640088 85
1741039782163 0.013080554706590945 86
1741039802294 0.023129227875245875 87
1741039831309 0.01895598581774113 88
1741039859095 0.015205594256429462 89
1741039877926 0.014153840886979605 90
1741039907049 0.015677451513816894 91
1741039935229 0.01028797709014337 92
1741039964641 0.010437427952188954 93
1741039983309 0.013431513274471034 94
1741040012392 0.0310967871106961 95
1741040041114 0.054147843413205346 96
1741040059720 0.011634798788047115 97
1741040088131 0.023558983183053533 98
1741040117620 0.0073291524119179965 99
