1739111096672 1.1506987521773264 0
1739111121076 0.9067990096132654 1
1739111144813 0.8777353281986684 2
1739111168438 0.8788656249010652 3
1739111190071 0.8583614891603998 4
1739111213688 0.8726969811684473 5
1739111235342 0.8321625906927628 6
1739111258962 0.8259999615295867 7
1739111282578 0.8264913570851162 8
1739111304340 0.8077796997869401 9
1739111327959 0.7992573997326325 10
1739111351685 0.7906610936000757 11
1739111375359 0.8053776272514515 12
1739111397103 0.7908121843885008 13
1739111418827 0.8090325650431569 14
1739111440515 0.7911605430660105 15
1739111462207 0.7897115835822431 16
1739111485857 0.7867114502295591 17
1739111509420 0.791064216014453 18
1739111731429 0.7766608074121641 19
1739111754595 0.7719504090021376 20
1739111777767 0.7801831000463624 21
1739111799015 0.7756194176519303 22
1739111820257 0.8073468576940218 23
1739111841482 0.7825066109845169 24
1739111862717 0.7787832488442894 25
1739111884113 0.7670686893035051 26
1739111907640 0.775514431427839 27
1739111928961 0.7759844109304528 28
1739111950301 0.7879012885533664 29
1739111971600 0.7761469779169173 30
1739111992905 0.7730849722674362 31
1739112014238 0.7679582248602127 32
1739112035493 0.7674147410880301 33
1739112056785 0.7681091087417412 34
1739112078072 0.7740360875973975 35
1739112099354 0.7695843085386509 36
1739112120638 0.7658600022370678 37
1739112143810 0.7684157625992697 38
1739112165057 0.7624496331535967 39
1739112188215 0.7665661814206853 40
1739112209459 0.7779693365691606 41
1739112230671 0.7606930649488645 42
1739112253859 0.7597147211469617 43
1739112277046 0.7603722225103592 44
1739112298310 0.7628676849707701 45
1739112319572 0.7662850496477617 46
1739112340924 0.7661921175340762 47
1739112362199 0.7638806559498471 48
1739112383449 0.765707853131758 49
1739112404749 0.7628449906137519 50
1739112426069 0.7661940391521501 51
1739112447347 0.764594878341789 52
1739112468604 0.763876310905019 53
1739112489838 0.7671013591890026 54
1739112511026 0.7675352227360828 55
1739112532187 0.7606971697914333 56
1739112553374 0.7651390910445901 57
1739112574585 0.7642388724329465 58
1739112595813 0.7590891143627595 59
1739112619032 0.7603388343963242 60
1739112640289 0.7665275397740695 61
1739112661518 0.7635805279834015 62
1739112682757 0.7596523470414844 63
1739112703980 0.7662261989051267 64
1739112725173 0.7643558533114388 65
1739112746377 0.7688906591134773 66
1739112767579 0.7571992921710312 67
1739112790727 0.7565701001897417 68
1739112813912 0.7601213467091397 69
1739112835152 0.7598452603727802 70
1739112856416 0.7576567240783996 71
1739112877674 0.7610868468248934 72
1739112898925 0.7578550645538101 73
1739112920160 0.7605876934498623 74
1739112941414 0.7608577664059 75
1739112962643 0.7609757164172698 76
1739112983887 0.7620303387059237 77
1739113005105 0.7570152877274892 78
1739113026349 0.7678149822644165 79
1739113047578 0.7574593895985896 80
1739113068803 0.7567088954763816 81
1739113089988 0.769456048856055 82
