1740920253580 0.0022554326476579224 0
1740920276695 9.207639057627803e-06 1
1740920298735 9.218822840945248e-06 2
1740920318149 9.257364990987388e-06 3
1740920337834 9.3751557231294e-06 4
1740920356440 9.322739038653911e-06 5
1740920375611 9.334061681107737e-06 6
1740920394891 9.297042046758222e-06 7
1740920413894 9.284985602884756e-06 8
1740920432162 9.312135098345073e-06 9
1740920450974 9.345695129152864e-06 10
1740920470908 9.39142453834489e-06 11
1740920489897 9.43920919046392e-06 12
1740920509693 9.425159755601289e-06 13
1740920527567 9.49238335179725e-06 14
1740920546753 9.580938912160249e-06 15
1740920566202 9.405340848226109e-06 16
1740920584082 9.353421513953155e-06 17
1740920603317 9.274782843260707e-06 18
1740920622981 9.301866399705693e-06 19
1740920642597 9.338003788084873e-06 20
1740920662298 9.332684381662278e-06 21
1740920681010 9.230455386249988e-06 22
1740920699265 9.261951854631254e-06 23
1740920718327 8.996182956313385e-06 24
1740920740862 9.092293466531346e-06 25
1740920759864 9.04405040258492e-06 26
1740920777484 9.043458099420964e-06 27
1740920795742 8.92437788719751e-06 28
1740920818188 9.07975867702387e-06 29
1740920837624 8.894394443395208e-06 30
1740920858456 8.654949345082649e-06 31
1740920879790 8.596960596764237e-06 32
1740920901046 8.569077151549095e-06 33
1740920922100 8.542486531880338e-06 34
1740920944500 8.466949794053145e-06 35
1740920966405 8.29448043566627e-06 36
1740920987741 8.457268177491026e-06 37
1740921007373 8.447653908479021e-06 38
1740921027103 8.235445342009643e-06 39
1740921048811 8.686440649009566e-06 40
1740921067570 7.986084076738404e-06 41
1740921089467 8.295661248536205e-06 42
1740921108808 8.068952161732006e-06 43
1740921127642 7.928384369784893e-06 44
1740921149938 8.743191157570146e-06 45
1740921169880 7.852876066721146e-06 46
1740921189292 8.028647866354634e-06 47
1740921206888 7.514018734590144e-06 48
1740921227304 7.668005603117573e-06 49
1740921246663 7.886283647798416e-06 50
1740921266781 7.590283183781482e-06 51
1740921286406 8.858078482057012e-06 52
1740921305773 7.770246626668733e-06 53
1740921324315 7.4325333771744785e-06 54
1740921346444 7.965232413060455e-06 55
1740921365680 7.449512600104344e-06 56
1740921384596 7.849279371465832e-06 57
1740921404757 7.0609147374965655e-06 58
1740921426453 7.804523094587435e-06 59
1740921443940 6.898932594437266e-06 60
1740921464772 6.774781301356602e-06 61
1740921486302 7.022358777734674e-06 62
1740921505800 7.669990677787957e-06 63
1740921525712 6.665419834692913e-06 64
1740921547187 6.834467863392362e-06 65
1740921567465 7.192245212733538e-06 66
1740921585811 6.505013710605674e-06 67
1740921606989 6.079104776839136e-06 68
1740921627840 6.3956466820220855e-06 69
1740921646037 6.8365324150664794e-06 70
1740921663695 7.721405369534536e-06 71
1740921683834 6.123972893119787e-06 72
1740921702356 8.268848597856397e-06 73
1740921721829 6.613295594848632e-06 74
1740921740333 6.528825888646084e-06 75
1740921759616 7.158124445060194e-06 76
1740921777659 6.426994069388212e-06 77
1740921796233 5.8083338070358255e-06 78
1740921816955 5.770502732086492e-06 79
1740921839522 6.1177503407931955e-06 80
1740921859462 6.788654459078391e-06 81
1740921877562 6.460243982375974e-06 82
1740921894873 7.933828671313965e-06 83
1740921913899 6.232208815147849e-06 84
1740921931382 6.250390785980321e-06 85
1740921951118 6.1932675295500385e-06 86
1740921968655 6.626722358880311e-06 87
1740921988819 7.068391324550245e-06 88
1740922005995 5.451641893769798e-06 89
1740922028515 5.953159394013003e-06 90
1740922044899 6.33488222185834e-06 91
1740922060972 6.208004744517144e-06 92
1740922077089 5.2713031088357256e-06 93
1740922095224 4.866386048227268e-06 94
1740922113269 5.207255342404155e-06 95
1740922129238 5.023621982144655e-06 96
1740922145307 4.9147458419609134e-06 97
1740922161249 5.7392587933131025e-06 98
1740922177172 7.099726208637309e-06 99
