1740847323392 0.028461857822459954 0
1740847343331 0.027221232228087235 1
1740847362272 0.026103746466724104 2
1740847381238 0.02500507020445294 3
1740847400124 0.02271166290194951 4
1740847419040 0.020795190809268976 5
1740847437950 0.019905199276521277 6
1740847457002 0.01690941711227109 7
1740847476003 0.013853440901520133 8
1740847495094 0.011392831110801213 9
1740847514134 0.009151704329601587 10
1740847533046 0.007285381179075745 11
1740847552064 0.005554341529774178 12
1740847571095 0.004457035339145296 13
1740847590143 0.004488195174752407 14
1740847607017 0.00460009145944048 15
1740847624056 0.0050232373166366594 16
1740847640863 0.00489388573756481 17
1740847657605 0.003771268235302119 18
1740847676539 0.003171469976495178 19
