1738609000167 3.628766235790242e-05 0
1738609019207 8.062609339795172e-06 1
1738609038451 5.7005038289062065e-06 2
1738609057632 4.823419570151822e-06 3
1738609076802 3.86199934696641e-06 4
1738609095958 2.894746782261208e-06 5
1738609115250 2.3292515050198325e-06 6
1738609134551 2.965588966349809e-06 7
1738609151022 3.3626361708184514e-06 8
1738609167455 3.1141367481234176e-06 9
1738609183953 2.732138070296746e-06 10
1738609200409 3.105882672374995e-06 11
1738609216884 2.693301145444248e-06 12
1738609233349 2.5069894975096705e-06 13
1738609249850 1.6909405118770595e-06 14
1738609268994 1.87751028806406e-06 15
1738609285341 1.7495009759520906e-06 16
1738609301785 1.4634554821795089e-06 17
1738609321086 1.3489253651644048e-06 18
1738609340343 1.6748913230094535e-06 19
1738609356748 2.03074180388367e-06 20
1738609373220 1.956934524909017e-06 21
1738609389513 2.042486896279561e-06 22
1738609405941 1.927101277002074e-06 23
1738609422363 1.6023594869209894e-06 24
1738609438819 1.6449304243045833e-06 25
1738609455188 1.6633192266328055e-06 26
1738609471504 1.4929347621249537e-06 27
1738609487867 1.4733551166824246e-06 28
1738609504284 1.5570821614251397e-06 29
1738609520667 1.7725904683445083e-06 30
1738609536974 1.7347853027758681e-06 31
1738609553461 2.0312819701142795e-06 32
1738609569957 1.9311328808993655e-06 33
1738609586484 1.8073779805592014e-06 34
1738609602977 1.722686724514888e-06 35
1738609619389 1.6831152838789166e-06 36
1738609635745 1.6453545745096135e-06 37
1738609652108 1.6545696916830432e-06 38
1738609668557 1.431767876143659e-06 39
1738609684945 1.530954265046259e-06 40
1738609701381 1.1508417073084922e-06 41
1738609720753 1.2234904957264177e-06 42
1738609737352 1.1603146886632057e-06 43
1738609753912 1.323066200587422e-06 44
1738609770414 1.1638674591712178e-06 45
1738609787005 1.523209941742041e-06 46
1738609803762 1.1783212390603008e-06 47
1738609820410 1.2742222691710312e-06 48
1738609837115 1.2695817266328857e-06 49
1738609853781 1.2646625177652606e-06 50
1738609870330 1.3112294821411759e-06 51
1738609886711 1.1859316385877322e-06 52
1738609903111 1.040699495630641e-06 53
1738609922360 1.181749765326436e-06 54
1738609938721 1.2854365873580335e-06 55
1738609955138 1.404232543519083e-06 56
1738609971628 1.627763142834553e-06 57
1738609988131 1.246353128747757e-06 58
1738610004586 1.4564871111669086e-06 59
1738610021012 1.5721170343944e-06 60
1738610037543 1.185879614598572e-06 61
1738610054030 9.197568856898117e-07 62
1738610073316 9.199063915107373e-07 63
1738610089797 7.629553063893926e-07 64
1738610108985 1.0356196903236504e-06 65
1738610125366 1.2469241339751398e-06 66
1738610141839 1.2863084973077555e-06 67
1738610158188 1.1193238592344471e-06 68
1738610174532 1.2965916982440837e-06 69
1738610190997 1.5284599344976028e-06 70
1738610207461 1.7708636762101379e-06 71
1738610223964 1.5302639822511874e-06 72
1738610240465 1.224023455032698e-06 73
1738610256892 1.5161418050026992e-06 74
1738610273332 1.1142431901660625e-06 75
1738610289798 8.446844258917123e-07 76
1738610306300 8.143129490193597e-07 77
1738610322768 1.0381424250925474e-06 78
1738610339216 1.0602797151334507e-06 79
1738610355688 1.115350492549259e-06 80
1738610372167 1.186102081242085e-06 81
1738610388549 9.043086272752618e-07 82
1738610405015 7.943638370959271e-07 83
1738610421480 1.029489392281565e-06 84
1738610437816 1.508501567340361e-06 85
1738610454310 1.3790775467047737e-06 86
1738610470811 1.2690647886463427e-06 87
1738610487221 1.2050136062165022e-06 88
1738610503529 8.612002530544312e-07 89
1738610520023 9.770730015784644e-07 90
1738610536505 1.1357034104877276e-06 91
1738610552834 1.294728211099047e-06 92
1738610569302 9.588568337646629e-07 93
1738610585723 1.0020898175397494e-06 94
1738610602109 1.1231666321925727e-06 95
1738610618471 1.110391306263496e-06 96
1738610634909 1.3101910722909696e-06 97
1738610651364 1.2754270384257032e-06 98
1738610667758 1.2690300214581862e-06 99
