1748350429886 0.8210353345411417 0
1748350667820 0.785314607613228 1
1748350918796 0.7630876193624655 2
1748351156597 0.7598825270175023 3
1748351408053 0.7597266880443834 4
1748351646082 0.757445572790127 5
1748351897617 0.7584301669503927 6
1748352133608 0.7571674261947113 7
1748352385022 0.75695227450951 8
1748352622645 0.7557372859673822 9
1748352873987 0.7558399997573978 10
1748353109760 0.7560108249598682 11
1748353358963 0.7566533211849908 12
1748353594853 0.7534119678654928 13
1748353846150 0.7567017159516937 14
1748354081261 0.7555108427948819 15
1748354330613 0.7553821898652289 16
1748354565770 0.7515033045475527 17
1748354816923 0.7532117737943704 18
1748355053340 0.7527497323396153 19
1748355303271 0.7531618208475303 20
1748355538860 0.7533271001763352 21
1748355788316 0.753734770127095 22
1748356023326 0.7512151929599855 23
1748356274850 0.7534195763951225 24
1748356510006 0.7500767326411071 25
1748356761747 0.7532254490417303 26
1748356997662 0.7518768300731082 27
1748357246616 0.7537498831037117 28
1748357482186 0.7506043984248102 29
1748357731180 0.7524455057516841 30
1748357966437 0.7514469633030902 31
1748358216413 0.7519379053458854 32
1748358452104 0.7505099969372261 33
1748358700933 0.7516437801879705 34
1748358935932 0.7514432546864922 35
1748359185476 0.7533421360143537 36
1748359420731 0.749014630701205 37
1748359672590 0.7512692960827339 38
1748359908336 0.7477865584403903 39
1748360159642 0.7513433851611033 40
1748360395095 0.7498885518469331 41
1748360643761 0.7503590403687803 42
1748360879148 0.7488408837488795 43
1748361128204 0.7491267446908102 44
1748361363940 0.7483055984565501 45
1748361613234 0.7487682835325038 46
1748361849161 0.7475756576632318 47
1748362100694 0.7505651228859298 48
1748362336167 0.7480387899423764 49
1748362585336 0.7509455249104594 50
1748362820843 0.7486241876579456 51
1748363070630 0.7508047931874036 52
1748363306049 0.7483870019423332 53
1748363555677 0.7489007165938214 54
1748363791351 0.7487143419223959 55
1748364040588 0.7501867056853108 56
1748364276046 0.7473276980640853 57
1748364526646 0.7479548407269756 58
1748364762014 0.7472677077287927 59
1748365013515 0.7482450729839472 60
1748365248977 0.7463605191808924 61
1748365500311 0.7471092325699791 62
1748365735147 0.7492787881802678 63
1748365983787 0.7465238623479359 64
1748366219325 0.74748904255274 65
1748366468588 0.7468905709813227 66
1748366703655 0.7462062335789089 67
1748366954803 0.7489123388125389 68
1748367190016 0.745216912091646 69
1748367440734 0.7485046757540592 70
1748367676326 0.7456157430798285 71
1748367924999 0.7472063622662067 72
1748368160130 0.7467511052542654 73
1748368409165 0.7489093774028196 74
1748368644821 0.7461941788747299 75
1748368894390 0.744983347500882 76
1748369131376 0.7458140002753941 77
1748369379902 0.7480025970841461 78
1748369615112 0.7476957792605464 79
1748369864770 0.7477957448468011 80
1748370100044 0.7475384149353673 81
1748370349398 0.7461844097821353 82
1748370585352 0.7454975335287042 83
1748370834230 0.7455223147992607 84
1748371069549 0.7451487264112941 85
1748371319404 0.7465195941885318 86
1748371555077 0.7458269742986171 87
1748371804611 0.7463550935137886 88
1748372039544 0.7424343244729016 89
1748372290141 0.7453265919848923 90
1748372525608 0.7443723520133937 91
1748372775460 0.7448038445001112 92
1748373010288 0.743488112927675 93
1748373259812 0.7460881623108012 94
1748373495352 0.7444318964312733 95
1748373744911 0.7455282527164458 96
1748373980455 0.7455165249830553 97
1748374229683 0.7464280217873556 98
1748374464754 0.7434628141958772 99
