1748294780921 0.830876003154664 0
1748295325815 0.8097326002161637 1
1748295902152 0.8017655196346818 2
1748296447052 0.7979501399761122 3
1748297023688 0.7937355539464666 4
1748297567732 0.7943816051783237 5
1748298142074 0.7941583095201434 6
1748298683909 0.7913626588945651 7
1748299260050 0.7915763202069154 8
1748299802852 0.791481644313943 9
1748300377402 0.7896389499701919 10
1748300922234 0.7905504632357235 11
1748301496213 0.7890790379257636 12
1748302040831 0.7883692290428508 13
1748302617171 0.7866234007916042 14
1748303161158 0.7863021335817754 15
1748303737892 0.7849651680209871 16
1748304282425 0.7850534161860899 17
1748304856953 0.7844010862835976 18
1748305401829 0.7834021704036722 19
1748305977936 0.7818874948605152 20
1748306522945 0.7836563142323 21
1748307097113 0.7818395209103852 22
1748307642238 0.7829142435037675 23
1748308216908 0.7803923841020065 24
1748308760957 0.7813888052564705 25
1748309334782 0.7807529182206292 26
1748309876584 0.7802603412701652 27
1748310453173 0.7786905338095056 28
1748310997543 0.7781513593000904 29
1748311573818 0.7767390236061922 30
1748312118354 0.7783689874004851 31
1748312692693 0.7782295132623648 32
1748313235025 0.7771212513035596 33
1748313808533 0.7723902741532709 34
1748314353283 0.7724013741516643 35
1748314928083 0.7672609652500817 36
1748315472175 0.7638393979688862 37
1748316048748 0.7623457440467796 38
1748316593011 0.7585084121764679 39
1748317169618 0.7533443329351145 40
1748317714072 0.7540294417667487 41
1748318287793 0.7496023389998782 42
1748318833056 0.7485132847721305 43
1748319409360 0.7463893585777204 44
1748319953871 0.746115134193904 45
1748320529729 0.7433955239315957 46
1748321074419 0.7440373043228012 47
1748321648290 0.7411760900471214 48
1748322192783 0.7404808575327722 49
1748322768744 0.7393557832334094 50
1748323313384 0.7385722680436112 51
1748323889868 0.7369831982726373 52
1748324434297 0.7379400386930897 53
1748325009051 0.7355003134440489 54
1748325553460 0.734239520614348 55
1748326130155 0.7333616540922322 56
1748326674796 0.7330411055774798 57
1748327250830 0.7311546927342033 58
1748327796192 0.7316791508201641 59
1748328370521 0.7293111895574594 60
1748328914880 0.7300393750712795 61
1748329489320 0.7288797768167846 62
1748330033729 0.7288093496080602 63
1748330610260 0.726818029954357 64
1748331155259 0.7282404094001087 65
1748331729380 0.7273336780549685 66
1748332271111 0.7289763740749329 67
1748332845235 0.7244139236801946 68
1748333390343 0.7247805143170384 69
1748333964095 0.7245728654044318 70
1748334506287 0.7255858117176354 71
1748335080115 0.7253255573946011 72
1748335622548 0.7240622820810015 73
1748336199224 0.7221417995877207 74
1748336743542 0.7230247722059782 75
1748337318316 0.7212675469002117 76
1748337862785 0.722082316288263 77
1748338437332 0.7188229006605833 78
1748338981459 0.7222906517782661 79
1748339555293 0.7204291781126302 80
1748340097936 0.721476590207457 81
1748340671695 0.7198569517370033 82
1748341214428 0.7192341108003831 83
1748341788628 0.7172186220044842 84
1748342333187 0.7187075750246905 85
1748342907988 0.7172542539442137 86
1748343450613 0.7186762195284832 87
1748344027896 0.7164607225499406 88
1748344574077 0.717276700365773 89
1748345148442 0.7158140373998112 90
1748345693608 0.7161858791008607 91
1748346267639 0.715006500461866 92
1748346813293 0.7166944467886426 93
1748347387763 0.7151667273486593 94
1748347930441 0.717237091260769 95
1748348505240 0.7134014188440421 96
1748349055003 0.7142561979284008 97
1748349629424 0.7138913761425508 98
1748350171559 0.7146534576887174 99
