1732205141669 0.7239882191458173 0
1732205512611 0.7205308765685658 1
1732205905117 0.7210668018337356 2
1732206273749 0.7199287596142935 3
1732206667060 0.7202042516213857 4
1732207035847 0.7188007005995257 5
1732207428512 0.7189951054901899 6
1732207797140 0.7179062196462054 7
1732208189281 0.7165033652739067 8
1732208560465 0.7159388625889977 9
1732208952672 0.7155776119881117 10
1732209323287 0.7152444197664961 11
1732209715344 0.7169541025340532 12
1732210083551 0.7150893252731298 13
1732210476061 0.7139671921912142 14
1732210846567 0.7132504832269584 15
1732211239128 0.7148292831142252 16
1732218452641 0.7113231115701566 17
1732218835089 0.7111629352455685 18
1732219196802 0.710991257657866 19
1732219580487 0.7111316891349598 20
1732219940798 0.7105392260580199 21
1732220323735 0.7098751785920372 22
1732220686916 0.7093254059767867 23
1732221070505 0.7103658737597938 24
1732221431381 0.7099443172605717 25
1732221813389 0.7097496581133861 26
1732222174392 0.7106703953994686 27
1732222556639 0.7084258122835503 28
1732222919175 0.7069682607298791 29
1732223303365 0.7081774109818011 30
1732223663512 0.7065525190249347 31
1732224047736 0.7080695861214615 32
1732224408383 0.7059015926237124 33
1732224792125 0.7079647687586988 34
1732225152850 0.705481226138202 35
1732225536624 0.7071264186446459 36
1732225896810 0.7052858837421038 37
1732226281042 0.7048070094698321 38
1732226644199 0.7057549362760347 39
1732227026392 0.70474776392628 40
1732227389830 0.704989448503052 41
1732227771344 0.706451563351089 42
1732228131180 0.7055563998211835 43
1732228513079 0.706251245921659 44
1732228873817 0.7040624413099767 45
1732229258489 0.7050530031445522 46
1732229618923 0.7031512483395719 47
1732230003318 0.7043517116307716 48
1732230363905 0.7026309446102905 49
1732230747622 0.7042306267110992 50
1732231108711 0.7027823095233313 51
1732231490554 0.7045661521411541 52
1732231850883 0.7061980670558199 53
1732232232393 0.7051330889418562 54
1732232592676 0.7027101863080869 55
1732232974217 0.7029585758856047 56
1732233334222 0.7025522617816294 57
1732233717843 0.7021661280857293 58
1732234081146 0.7018332409168092 59
1732234465301 0.7025726962927199 60
1732234825168 0.7011514473550373 61
1732235208799 0.7024528602480375 62
1732235569004 0.7006509304397195 63
1732235952200 0.7015733442080052 64
1732236312475 0.700540703441304 65
1732236696579 0.7024750980366072 66
1732237056645 0.7000875675648455 67
1732237440881 0.7031817491179356 68
1732237800843 0.7021420147467704 69
1732238181839 0.7015793611234864 70
1732238541556 0.7022612221432756 71
1732238922968 0.7012391538690187 72
1732239283872 0.7000485976081335 73
1732239667290 0.7052672408286308 74
1732240027714 0.7021194276976561 75
1732240409964 0.7028860395574815 76
1732240770033 0.6990422753091595 77
1732241154064 0.7008233920615045 78
1732241514628 0.6986853816617571 79
1732241897747 0.6994834221695682 80
1732242257998 0.6962016180953003 81
1732242643000 0.70026824759404 82
