1740920087127 0.0005342403781045107 0
1740920106099 0.0003651423531133614 1
1740920124150 0.0003657160259725526 2
1740920140340 0.00036240073371959254 3
1740920158409 0.00036066767321765296 4
1740920176888 0.0003546919574915226 5
1740920195018 0.0003518154212010316 6
1740920213101 0.0003467820063232711 7
1740920231397 0.00034224711030470315 8
1740920253405 0.0003360294845285444 9
1740920275606 0.0003299335764706684 10
1740920297717 0.0003253933435681044 11
1740920319544 0.00031660535210642276 12
1740920341404 0.00030818022577303885 13
1740920362549 0.00029658533691467957 14
1740920384222 0.00028090344560334593 15
1740920405883 0.0002620126736029043 16
1740920427091 0.0002383099918164804 17
1740920448233 0.00021015661629143805 18
1740920470432 0.0001797751378631631 19
1740920491803 0.00013204148101126633 20
1740920514208 9.575893040464681e-05 21
1740920534694 4.7656813792619364e-05 22
1740920556105 5.305308390217505e-05 23
1740920574796 3.260715533193533e-05 24
1740920596809 2.036827300668754e-05 25
1740920618591 9.622041769188486e-05 26
1740920638141 5.003034540835659e-05 27
1740920657687 1.8121872462483594e-05 28
1740920679043 1.7708602206497302e-05 29
1740920699640 1.2872897988921718e-05 30
1740920720969 1.3673458575614132e-05 31
1740920741135 8.531816767899113e-06 32
1740920762375 5.784068128984948e-06 33
1740920782668 4.278031522152794e-06 34
1740920803783 3.3033927274469433e-06 35
1740920825853 2.6766754383143807e-06 36
1740920847754 2.3248230235115646e-06 37
1740920868902 2.7207283144973164e-06 38
1740920887293 5.692807220194016e-05 39
1740920905397 8.501473228360917e-05 40
1740920924044 2.56574561529489e-05 41
1740920944084 3.630251145543747e-05 42
1740920963777 2.2436868914087576e-05 43
1740920982493 1.3613022864403166e-05 44
1740921001787 1.8780875138718372e-05 45
1740921021602 9.103023994552409e-06 46
1740921041220 8.872456043955738e-06 47
1740921059867 8.296014463571894e-06 48
1740921078471 6.862213676938264e-06 49
1740921097320 6.168820391459493e-06 50
1740921116790 5.266651221646201e-06 51
1740921135710 4.594950278192969e-06 52
1740921155882 3.895600116363414e-06 53
1740921174962 1.534181621099893e-05 54
1740921191935 1.2140965093283612e-05 55
1740921209562 8.678502609413113e-05 56
1740921227634 3.2778357857853834e-05 57
1740921246929 2.9633418545209754e-05 58
1740921267077 1.9868188051912794e-05 59
1740921286678 1.2303302123071948e-05 60
1740921306050 7.947106319649687e-06 61
1740921324627 5.598923914100569e-06 62
1740921344455 3.994440658204528e-06 63
1740921363604 2.981672395183725e-06 64
1740921382576 2.312380971809462e-06 65
1740921405052 1.877104454726182e-06 66
1740921426690 1.7996738103697796e-06 67
1740921446385 2.436043653019685e-06 68
1740921464902 3.685532372089994e-06 69
1740921483932 4.107111917279163e-06 70
1740921503705 3.5970929774898155e-05 71
1740921523641 4.555824483618031e-05 72
1740921542730 9.297946920208568e-06 73
1740921562355 7.2364887172264624e-06 74
1740921581136 7.5553537451677785e-06 75
1740921600497 8.258497937663917e-06 76
1740921619010 8.675923189670945e-06 77
1740921637170 8.940272413130327e-06 78
1740921654909 9.353623476590824e-06 79
1740921673346 9.98541224443582e-06 80
1740921692549 1.1223491690772723e-05 81
1740921711174 1.2465062416317727e-05 82
1740921731236 1.478908577525049e-05 83
1740921749203 1.68386303334702e-05 84
1740921767550 1.7527170236468527e-05 85
1740921786265 1.742724157267231e-05 86
1740921804115 1.269661810907451e-05 87
1740921823026 7.616879360044619e-06 88
1740921843252 6.651810837901773e-06 89
1740921862667 5.659080820243258e-06 90
1740921880989 4.721783944828872e-06 91
1740921898542 4.154781228792042e-06 92
1740921917236 3.640134290700763e-06 93
1740921934418 3.469058289042879e-06 94
1740921954194 3.837110280237492e-06 95
1740921972156 2.3782248724271993e-05 96
1740921992003 1.6688881141591535e-05 97
1740922008965 2.4961396282779283e-05 98
1740922029224 1.7231732228940162e-05 99
