1739139891653 2.0348472668659572e-05 0
1739139911143 9.129328625709205e-06 1
1739139929804 9.06390842949092e-06 2
1739139948506 8.985449109155455e-06 3
1739139967268 8.866290928501455e-06 4
1739139986141 8.801990213308476e-06 5
1739140005098 8.767883231925115e-06 6
1739140023763 8.631991787219496e-06 7
1739140042442 8.222100258572246e-06 8
1739140061279 7.839341791519953e-06 9
1739140080198 7.745909412172664e-06 10
1739140098951 7.231370214609407e-06 11
1739140117687 7.0713267169937495e-06 12
1739140136535 6.40375216404078e-06 13
1739140155408 5.693815097423334e-06 14
1739140174157 5.003335170568403e-06 15
1739140193061 4.451730244302932e-06 16
1739140211800 4.077218771056377e-06 17
1739140230550 3.315864588746204e-06 18
1739140249348 2.66371696323536e-06 19
1739140268169 2.382608808127548e-06 20
1739140287021 2.3653288477995218e-06 21
1739140305692 2.1002575489100422e-06 22
1739140324491 2.935658687224126e-06 23
1739140341126 2.0756594218097275e-06 24
1739140359845 1.5465466369709595e-06 25
1739140378590 1.34143444085666e-06 26
1739140397273 1.105095440655804e-06 27
1739140416000 9.750776199709566e-07 28
1739140434841 1.0086028019580771e-06 29
1739140451554 1.076589219368308e-06 30
1739140468283 1.0595567275533465e-06 31
1739140484911 9.568015574216453e-07 32
1739140503754 8.863823080322763e-07 33
1739140522499 9.250628314499403e-07 34
1739140539295 9.331476954363178e-07 35
1739140555937 1.0047201734804724e-06 36
1739140572670 1.0319105466249224e-06 37
1739140589367 7.850045425931425e-07 38
1739140608237 8.362277358471527e-07 39
1739140625024 7.580313734798982e-07 40
1739140643764 7.352004413555695e-07 41
1739140662469 7.679128580681289e-07 42
1739140679242 8.22598470231694e-07 43
1739140696021 7.615698218047697e-07 44
1739140712926 7.399374390631518e-07 45
1739140729726 7.112301865424505e-07 46
1739140748673 8.036677570444819e-07 47
1739140765717 8.583016293081156e-07 48
1739140782477 8.819358612903576e-07 49
1739140799213 8.59824040951283e-07 50
1739140815956 8.21232875473312e-07 51
1739140832777 7.726865506249309e-07 52
1739140849502 7.87212344675595e-07 53
1739140866187 7.968772637798482e-07 54
1739140883000 6.716651177823739e-07 55
1739140901817 5.10336403835346e-07 56
1739140920532 4.426650886188902e-07 57
1739140939373 4.1289295301331436e-07 58
1739140958205 3.9136516319953345e-07 59
1739140976892 4.0465718037692396e-07 60
1739140993595 5.312131525470129e-07 61
1739141010467 5.484214028633984e-07 62
1739141027287 4.583074751796956e-07 63
1739141044247 3.972872150001287e-07 64
1739141061053 3.52742298742538e-07 65
1739141079933 3.821993653710128e-07 66
1739141096810 4.5409898906856547e-07 67
1739141113639 4.1923817775540335e-07 68
1739141130343 4.2574651537696764e-07 69
1739141147000 4.032114816197932e-07 70
1739141163658 4.5358169528853613e-07 71
1739141180407 4.950293509943983e-07 72
1739141197185 4.7255776689564807e-07 73
1739141213904 4.396650533576591e-07 74
1739141230807 4.4090444021179545e-07 75
1739141247617 4.657215645322573e-07 76
1739141264389 4.264680329700638e-07 77
1739141281204 4.354845968201923e-07 78
1739141298002 5.215680958915278e-07 79
1739141314818 5.063702457509491e-07 80
1739141331487 4.184223063097969e-07 81
1739141348191 3.795172138519385e-07 82
1739141364847 3.6558160501542364e-07 83
1739141381560 3.875111268053354e-07 84
1739141398309 3.6641572004446315e-07 85
1739141415183 3.5827662500704365e-07 86
1739141431810 4.136796130933885e-07 87
1739141448478 4.1441123932456355e-07 88
1739141465127 4.492475158474636e-07 89
1739141481767 4.4370010008224523e-07 90
1739141498439 4.2767746123977965e-07 91
1739141515147 4.065364976256081e-07 92
1739141531889 3.7931014923182967e-07 93
1739141548565 3.6987139699209035e-07 94
1739141565289 4.0148998736025575e-07 95
1739141582028 4.3755439109456963e-07 96
1739141598740 4.631935493493028e-07 97
1739141615473 4.7191899992292665e-07 98
1739141632184 3.8443212596232884e-07 99
