1740849467852 0.001700777863258755 0
1740849487742 5.980053677932662e-06 1
1740849506712 5.970406065354973e-06 2
1740849525825 5.986755270889036e-06 3
1740849542933 5.992055586536554e-06 4
1740849560008 6.024692333591121e-06 5
1740849577057 6.059505290176022e-06 6
1740849594179 6.129722741109414e-06 7
1740849611159 6.080567305626571e-06 8
1740849628104 6.081428609838893e-06 9
1740849645181 6.175645655683309e-06 10
1740849662092 6.187975730593238e-06 11
1740849678999 6.2393963809492655e-06 12
1740849695859 6.137472082532464e-06 13
1740849712851 6.099349650898368e-06 14
1740849729870 6.0239774025604735e-06 15
1740849747066 5.958748732832931e-06 16
1740849766221 5.904771344886953e-06 17
1740849785159 5.774361718669601e-06 18
1740849804155 5.692005869800775e-06 19
1740849823278 5.57139935418197e-06 20
1740849842498 5.470463297000521e-06 21
1740849861499 5.414351201556434e-06 22
1740849880473 5.288450704701349e-06 23
1740849899655 5.229220762536757e-06 24
1740849918771 5.141734959266919e-06 25
1740849937739 5.049967466345802e-06 26
1740849956860 4.979987904765159e-06 27
1740849975910 4.908805580768206e-06 28
1740849994946 4.7623499034229206e-06 29
1740850014048 4.671444263570651e-06 30
1740850033107 4.599945030793495e-06 31
1740850051945 4.485130235742352e-06 32
1740850070807 4.441568935433207e-06 33
1740850089674 4.378973923451994e-06 34
1740850108459 4.295388324769897e-06 35
1740850127289 4.204681424626535e-06 36
1740850146242 4.1817431918471335e-06 37
1740850165179 4.1683157686166315e-06 38
1740850184379 3.9761194716237525e-06 39
1740850203664 3.82791606620573e-06 40
1740850222726 3.7071064611701648e-06 41
1740850241771 3.5906994971017155e-06 42
1740850260758 3.5042297625135955e-06 43
1740850279755 3.5158087713113914e-06 44
1740850296894 3.5867421325564056e-06 45
1740850313988 3.5635237867747e-06 46
1740850331137 3.565795269455285e-06 47
1740850348417 3.6882560193863513e-06 48
1740850365370 3.708584434955623e-06 49
1740850382477 3.744458337795975e-06 50
