1738610840222 0.00012015786729574292 0
1738610859433 1.482369171153473e-05 1
1738610878619 7.082769904430556e-06 2
1738610897633 4.9549058422626094e-06 3
1738610916879 4.1571995966943286e-06 4
1738610936118 3.812727038800245e-06 5
1738610955260 3.1790054502022804e-06 6
1738610974416 2.7723024256254834e-06 7
1738610993676 2.4600110211912903e-06 8
1738611012871 2.664867089867633e-06 9
1738611029184 2.305095392003604e-06 10
1738611048395 1.8485344318202964e-06 11
1738611067553 1.5664600866603609e-06 12
1738611086712 1.314743105420587e-06 13
1738611106000 9.942563261196122e-07 14
1738611125166 1.0335471526332923e-06 15
1738611141472 9.33869936323204e-07 16
1738611160686 9.728458003008963e-07 17
1738611177065 9.20272395870829e-07 18
1738611196233 1.0464183047887143e-06 19
1738611212627 1.204919037677438e-06 20
1738611229082 1.115110072762206e-06 21
1738611245588 1.0742351284813525e-06 22
1738611261997 9.91182847470544e-07 23
1738611278320 7.326587269939133e-07 24
1738611297464 7.028899409873106e-07 25
1738611316722 6.976756695397454e-07 26
1738611336026 5.81319412344027e-07 27
1738611355255 5.742643512958995e-07 28
1738611374372 4.949780385780036e-07 29
1738611393633 5.253626577240955e-07 30
1738611410083 6.275634633794531e-07 31
1738611426449 6.616597417693227e-07 32
1738611442763 6.483451517094371e-07 33
1738611459078 5.245372060313155e-07 34
1738611475442 5.404042779261932e-07 35
1738611491910 5.494803801145347e-07 36
1738611508391 5.219204409101952e-07 37
1738611524866 4.7353968948986957e-07 38
1738611544137 4.3529095648168154e-07 39
1738611563410 4.808293101748943e-07 40
1738611579778 6.28937107129007e-07 41
1738611596254 6.658926432512304e-07 42
1738611612702 6.722684247193989e-07 43
1738611629060 5.885214830183771e-07 44
1738611645374 4.910920272918553e-07 45
1738611661683 4.351915654796574e-07 46
1738611680839 3.996430990476112e-07 47
1738611700051 3.781422807541292e-07 48
1738611719170 4.0170073590558915e-07 49
1738611735434 4.154173161877502e-07 50
1738611751835 4.395528757759307e-07 51
1738611768149 3.874796782229207e-07 52
1738611784469 3.764004877182409e-07 53
1738611803743 4.427635493480321e-07 54
1738611820212 3.9148233486844065e-07 55
1738611836671 3.4418169607973657e-07 56
1738611855913 3.8503007841552257e-07 57
1738611872382 4.4594017930991326e-07 58
1738611888831 4.2038115657993383e-07 59
1738611905223 4.6500428385523616e-07 60
1738611921640 5.198248946917099e-07 61
1738611938000 5.756045268878293e-07 62
1738611954427 6.155664548317063e-07 63
1738611970836 5.237931465347482e-07 64
1738611987123 4.246515760750872e-07 65
1738612003557 3.6992035369559307e-07 66
1738612019881 3.16459418215789e-07 67
1738612039035 3.14341192091196e-07 68
1738612058170 3.4955935466455193e-07 69
1738612074472 3.6794701054157123e-07 70
1738612090775 3.8993632370886415e-07 71
1738612107123 3.2840202028071786e-07 72
1738612123456 3.8821363860740576e-07 73
1738612139749 4.051310712373268e-07 74
1738612156039 3.9792393028203256e-07 75
1738612172336 3.673612728880732e-07 76
1738612188720 3.923669174837123e-07 77
1738612205152 3.4429442809435655e-07 78
1738612221577 3.2218159046977304e-07 79
1738612238012 3.153211757863776e-07 80
1738612254349 3.027000721120849e-07 81
1738612273606 3.6810830110003047e-07 82
1738612289991 4.126036291466086e-07 83
1738612306354 4.1335800419641413e-07 84
1738612322761 3.8348015124732505e-07 85
1738612339148 3.2673556641964604e-07 86
1738612355564 2.968441430881597e-07 87
1738612374805 2.388114789373644e-07 88
1738612394044 2.2716437952358257e-07 89
1738612413380 2.368584566342903e-07 90
1738612429799 2.0733592043475853e-07 91
1738612449009 2.273692518574044e-07 92
1738612465357 2.7351509711373893e-07 93
1738612481806 3.073711267760341e-07 94
1738612498165 3.267185937718039e-07 95
1738612514500 3.270921307444365e-07 96
1738612530877 2.753838661432891e-07 97
1738612547318 2.565020141296751e-07 98
1738612563654 2.998503755820149e-07 99
