1739131669811 0.762806711648765 0
1739131694144 0.7654771852374375 1
1739131715737 0.7619465116848078 2
1739131739342 0.7722861309003949 3
1739131761021 0.7575996165858243 4
1739131784661 0.7583117175875161 5
1739131806738 0.7600305871178682 6
1739131828668 0.7628153054196936 7
1739131850640 0.7594443318849787 8
1739131872390 0.7602558350027945 9
1739131894081 0.7646969559781271 10
1739131915759 0.7574029753630298 11
1739131939366 0.7581911003797727 12
1739131961097 0.7582904406616515 13
1739131982778 0.7588770181460868 14
1739132004442 0.7628124372620237 15
1739132026072 0.7540584359680328 16
1739132049641 0.7556188932975332 17
1739132071288 0.7565594242695264 18
1739132093044 0.7599151889582227 19
1739132114757 0.756464421897755 20
1739132136545 0.766077322258319 21
1739132158250 0.7591954799661612 22
1739132180108 0.7563705658377554 23
1739132201898 0.7515277529595201 24
1739132225687 0.7632772571725441 25
1739132247499 0.7553642836592144 26
1739132269196 0.7602696692259829 27
1739132290927 0.7550820804890849 28
1739132312694 0.7559852279035231 29
1739132334777 0.7585097869435451 30
1739132356685 0.7546891642924853 31
1739132378513 0.7540024926240307 32
1739132400384 0.7558363643370365 33
1739132422103 0.759288678442748 34
1739132443741 0.7638187895986505 35
1739132465420 0.7619363827598362 36
1739132487095 0.7517533361763133 37
1739132508918 0.7551135446068057 38
1739132530716 0.764753994501737 39
1739132552409 0.7570524786475888 40
1739132574308 0.7578951795202241 41
1739132596228 0.7613347973906786 42
1739132618037 0.7571942514909473 43
1739132639816 0.759706449627579 44
1739132661587 0.7579769969283792 45
1739132683366 0.7594120425179117 46
1739132705205 0.7549346973771169 47
1739132727158 0.7584182401547706 48
1739132748944 0.7555947077839155 49
1739132770631 0.755484101778254 50
1739132792318 0.7538195357952927 51
1739132814074 0.7513507928634225 52
1739132837800 0.7601683395461846 53
1739132859503 0.7562443550090837 54
1739132881318 0.7617729049073788 55
1739132903053 0.755269630888751 56
1739132924851 0.7536936388943261 57
1739132946582 0.752209561126785 58
1739132968421 0.7556331472801151 59
1739132990293 0.759112273665735 60
1739133012228 0.7555538638868832 61
1739133034353 0.7545623898208884 62
1739133056148 0.7550802694591798 63
1739133077848 0.7574915707557278 64
1739133099608 0.7542299094640109 65
1739133121477 0.7590369547989005 66
1739133143313 0.7547593961035521 67
1739133165098 0.7550071873272446 68
1739133186899 0.7520600518680868 69
1739133208608 0.7556910051074706 70
1739133230410 0.7494215858250187 71
1739133254012 0.7499733042538612 72
1739133275672 0.7585889561812479 73
1739133297338 0.758366072267071 74
1739133319063 0.7545330328239764 75
1739133340978 0.7499263577924999 76
1739133362680 0.7511765594197033 77
1739133384477 0.7542633273060483 78
1739133406192 0.7520243889673095 79
1739133427869 0.7501783632578101 80
1739133449523 0.7528396425699058 81
1739133471232 0.7508965026113458 82
1739133492967 0.7518859171213355 83
1739133514638 0.7564236588608891 84
1739133536312 0.7549885680847929 85
1739133557987 0.7543772414438148 86
1739133579660 0.7527822484993875 87
1739133601308 0.7513882477681832 88
1739133622970 0.7507645899518173 89
1739133644652 0.7483230802483689 90
1739133668284 0.7502772504849327 91
1739133689951 0.7507079795114417 92
1739133711627 0.7495926276704022 93
1739133733345 0.7551974132471251 94
1739133755053 0.7509587256985709 95
1739133776753 0.7478103697151317 96
1739133800443 0.7509743436019022 97
1739133822136 0.7536651499550836 98
1739133843863 0.7509097505983272 99
