1748374880350 1.0666585208276729 0
1748375270538 0.9520535172478028 1
1748375684254 0.8793291231771755 2
1748376074810 0.8420927925261307 3
1748376489115 1.0511038246758695 4
1748376875983 1.9708651684431657 5
1748377285327 1.9699956310935989 6
1748377672188 1.9710410443005746 7
1748378081705 1.970538267144361 8
1748378468506 1.9713280416555115 9
1748378877878 1.9709316856777348 10
1748379264312 1.9709543088765167 11
1748379673627 1.9706012293822632 12
1748380060226 1.9709168080634325 13
1748380469854 1.9709534150430716 14
1748380856691 1.970431408169094 15
1748381266375 1.9701771642777377 16
1748381652557 1.9715055316498202 17
1748382061392 1.970546352252449 18
1748382448594 1.9602097055698524 19
1748382858570 1.9702778151260119 20
1748383245643 1.970623459049646 21
1748383654761 1.9705283901721566 22
1748384041633 1.9710716371798476 23
1748384451188 1.9703428923727786 24
1748384838269 1.9709733258519273 25
1748385247607 1.9706408020324664 26
1748385634832 1.9697896836522992 27
1748386044566 1.9712777315883268 28
1748386431011 1.9702647592964952 29
1748386840394 1.970267846110529 30
1748387227071 1.9707041567799766 31
1748387636884 1.9696297161513907 32
1748388023647 1.9702901070371408 33
1748388432928 1.9707337017771833 34
1748388819408 1.971418778978013 35
1748389229264 1.970637791488853 36
1748389616519 1.9714457496897717 37
1748390025915 1.9701296605429472 38
1748390411781 1.9707396219380025 39
1748390820875 1.9703164261557164 40
1748391207800 1.9706555775834644 41
1748391616953 1.970835325900357 42
1748392003312 1.9703921873487806 43
1748392412239 1.9702922830050595 44
1748392798818 1.9707975083283686 45
1748393207522 1.9705319082119483 46
1748393594259 1.9705113945349475 47
1748394003554 1.9704207738328852 48
1748394390269 1.9711031913056196 49
1748394799984 1.9711016440553775 50
1748395186323 1.9710008013758513 51
1748395595256 1.9706083645242534 52
1748395981589 1.9706757887200983 53
1748396390914 1.9705849329542242 54
1748396777490 1.9708680514815344 55
1748397186601 1.9704082514441454 56
1748397573138 1.9709885645887288 57
1748397982700 1.9707057003576944 58
1748398369382 1.9707146014839108 59
1748398778321 1.970314619591163 60
1748399164945 1.970681752094257 61
1748399574499 1.970632075667464 62
1748399960592 1.9708386362168635 63
1748400370074 1.9709414243863665 64
1748400756672 1.9707754626201892 65
1748401166000 1.9710928531938618 66
1748401552130 1.97118625141666 67
1748401961355 1.9697179144048935 68
1748402347862 1.9705501078788086 69
1748402757233 1.970291775773754 70
1748403143869 1.9710521761099569 71
1748403552849 1.970884396357431 72
1748403939138 1.9702604846592564 73
1748404348241 1.970832801133357 74
1748404734779 1.9708224714301892 75
1748405144132 1.9708417638972837 76
1748405530821 1.9705935858081605 77
1748405939407 1.97078540679101 78
1748406326062 1.9705232193392526 79
1748406735052 1.970300308119471 80
1748407121859 1.9707831047752502 81
1748407531464 1.9704141032776887 82
1748407918335 1.9705813711766829 83
1748408327792 1.970108798768285 84
1748408714602 1.970661961914879 85
1748409123588 1.970356412007401 86
1748409510107 1.9708711929556868 87
1748409919525 1.9705101750059568 88
1748410306367 1.9713248093151692 89
1748410716066 1.971115701646544 90
1748411102901 1.970784213959759 91
1748411512355 1.970317105156997 92
1748411898530 1.9705498079362467 93
1748412307819 1.9700742659842267 94
1748412694350 1.9700870111468538 95
1748413103305 1.9705768700954467 96
1748413489854 1.9704135955913753 97
1748413900838 1.9705447884437657 98
1748414287479 1.9713102327236585 99
