1739023266919 0.9767747769629271 0
1739023301088 0.8615544062302891 1
1739023334668 0.8489385780848172 2
1739023368337 0.8331775891216021 3
1739023401973 0.8327190739258269 4
1739023435606 0.8251365545087325 5
1739023469246 0.8274831795632988 6
1739023500758 0.8232666619698008 7
1739023534539 0.8153643168118826 8
1739023568301 0.8152417910663862 9
1739023602136 0.8124797825801402 10
1739023636297 0.8054711729511062 11
1739023670059 0.802700837056833 12
1739023703820 0.8054235118285676 13
1739023735417 0.802716251620628 14
1739023767033 0.8028969027455014 15
1739023798620 0.8001946475440427 16
1739023832407 0.7978043901058206 17
1739023866152 0.7979468609626751 18
1739023897725 0.7984173101677264 19
1739023929415 0.7950331730735569 20
1739023963271 0.7922109190068043 21
1739023997158 0.79237474883881 22
1739024028853 0.7914520154272826 23
1739024062667 0.7919222577254373 24
1739024094271 0.7905841289910295 25
1739024128040 0.7904682064294221 26
1739024161812 0.7865311570298344 27
1739024195563 0.7857548090585152 28
1739024229344 0.7834833114224479 29
1739024263079 0.7845038844462939 30
1739024294660 0.7811159671393416 31
1739024328464 0.7839196186113239 32
1739024360119 0.7824015641153007 33
1739024391654 0.7856135463476775 34
1739024423176 0.7841598030337669 35
1739024454711 0.7774850781124429 36
1739024488436 0.7763785103015471 37
1739024522453 0.7735878618578067 38
1739024556485 0.7786212645266716 39
1739024588063 0.7743252471200843 40
1739024619629 0.7731457707887873 41
1739024653455 0.7702298854057331 42
1739024687223 0.7723340013080702 43
1739024718801 0.7695121075447063 44
1739024752621 0.7685961628198029 45
1739024786428 0.7722776334481941 46
1739024818056 0.7691746959067937 47
1739024849614 0.7632869354209995 48
1739024883349 0.7619807963953946 49
1739024917101 0.7610067905035994 50
1739024950847 0.7621157413111661 51
1739024982401 0.7589748482454447 52
1739025016205 0.7557433858476672 53
1739025049946 0.7575706484311834 54
1739025081487 0.7579693282928848 55
1739025113014 0.7590960421764346 56
1739025144529 0.7561015702245242 57
1739025176058 0.7558778943563638 58
1739025207664 0.7566176388329104 59
1739025239288 0.7573785567818735 60
1739025270890 0.7534162932797858 61
1739025304713 0.751086138727659 62
1739025338500 0.7470375581869758 63
1739025372332 0.7468832520178131 64
1739025406108 0.7443756985842735 65
1739025439865 0.7462488802293887 66
1739025471416 0.7445055778484392 67
1739025502972 0.7486845406510884 68
1739025534538 0.7474424476338146 69
1739025566133 0.745729275177839 70
1739025597671 0.7429656887292267 71
1739025631785 0.7420190920556275 72
1739025665780 0.741182967017119 73
1739025699528 0.7378944815542929 74
1739025733246 0.7425843866685977 75
1739025764813 0.7438399452818302 76
1739025796358 0.7385464630222083 77
1739025827915 0.7360492846615 78
1739025861722 0.7373804071003065 79
1739025893289 0.7452685505969269 80
1739025924868 0.7473026166235717 81
1739025956384 0.7466294604941199 82
1739025987962 0.7385963953641287 83
1739026019508 0.7377686274616498 84
1739026051054 0.7362832654444059 85
1739026082561 0.7292742836207821 86
1739026116281 0.7308068192213254 87
1739026147853 0.7275518895384677 88
1739026181601 0.7271554808961483 89
1739026215404 0.7273481813749471 90
1739026247022 0.727737533778621 91
1739026278657 0.728008584191377 92
1739026310244 0.7297635661099022 93
1739026341891 0.7292612365950968 94
1739026373516 0.7253367692752372 95
1739026407413 0.7267089294376516 96
1739026439046 0.7266190569299712 97
1739026470711 0.7271669261770652 98
1739026502358 0.7263846397399902 99
